0,42
1804,42
2369,42
2719,42
2720,42
2721,42
2722,42
2723,42
2724,42
2725,42
2726,42
2727,42
2728,42
2729,42
2730,42
2731,42
2732,42
2733,42
2734,42
2735,42
2736,42
2737,42
2738,42
2739,42
2740,42
2741,42
2742,42
2743,42
2744,42
2745,42
2746,42
2747,42
2748,42
2749,42
2750,42
2751,42
2752,42
2753,42
2754,42
2755,42
2756,42
2757,42
2758,42
2759,42
2760,42
2761,42
2762,42
2763,42
2764,42
2765,42
2766,42
2767,42
2768,42
2769,42
2770,42
2771,42
2772,42
2773,42
2774,42
2775,42
2776,42
2777,42
2778,42
2779,42
2780,42
2781,42
2782,42
2783,42
2784,42
2785,42
2786,42
2787,42
2788,42
2789,42
2790,42
2791,42
2792,42
2793,42
2794,42
2795,42
2796,42
2797,42
2798,42
2799,42
2800,42
2801,42
2802,42
2803,42
2804,42
2805,42
2806,42
2807,42
2808,42
2809,42
2810,42
2811,42
2812,42
2813,42
2814,42
2815,42
2816,42
2817,42
2818,42
2819,42
2820,42
2821,42
2822,42
2823,42
2824,42
2825,42
2826,42
2827,42
2828,42
2829,42
2830,42
2831,42
2832,42
2833,42
2834,42
2835,42
2836,42
2837,42
2838,42
2839,42
2840,42
2841,42
2842,42
2843,42
2844,42
2845,42
2846,42
2847,42
2848,42
2849,42
2850,42
2851,42
2852,42
2853,42
2854,42
2855,42
2856,42
2857,42
2858,42
2859,42
2860,42
2861,42
2862,42
2863,42
2864,42
2865,42
2866,42
2867,42
2868,42
2869,42
2870,42
2871,42
2872,42
2873,42
2874,42
2875,42
2876,42
2877,42
2878,42
2879,42
2880,42
2881,42
2882,42
2883,42
2884,42
2885,42
2886,42
2887,42
2888,42
2889,42
2890,42
2891,42
2892,42
2893,42
2894,42
2895,42
2896,42
2897,42
2898,42
2899,42
2900,42
2901,42
2902,42
2903,42
2904,42
2905,42
2906,42
2907,42
2908,42
2909,42
2910,42
2911,42
2912,42
2913,42
2914,42
2915,42
2916,42
2917,42
2918,42
2919,42
2920,42
2921,42
2922,42
2923,42
2924,42
2925,42
2926,42
2927,42
2928,42
2929,42
2930,42
2931,42
2932,42
2933,42
2934,42
2935,42
2936,42
2937,42
2938,42
2939,42
2940,42
2941,42
2942,42
2943,42
2944,42
2945,42
2946,42
2947,42
2948,42
2949,42
2950,42
2951,42
2952,42
2953,42
2954,42
2955,42
2956,42
2957,42
2958,42
2959,42
2960,42
2961,42
2962,42
2963,42
2964,42
2965,42
2966,42
2967,42
2968,42
2969,42
2970,42
2971,42
2972,42
2973,42
2974,42
2975,42
2976,42
2977,42
2978,42
2979,42
2980,42
2981,42
2982,42
2983,42
2984,42
2985,42
2986,42
2987,42
2988,42
2989,42
2990,42
2991,42
2992,42
2993,42
2994,42
2995,42
2996,42
2997,42
2998,42
2999,42
3000,42
3001,42
3002,42
3003,42
3004,42
3005,42
3006,42
3007,42
3008,42
3009,42
3010,42
3011,42
3012,42
3013,42
3014,42
3015,42
3016,42
3017,42
3018,42
3019,42
3020,42
3021,42
3022,42
3023,42
3024,42
3025,42
3026,42
3027,42
