-76.9457999828
-77.0693806251
-77.0024762597
-76.9457999828
-77.0693806251
-77.0024762597
-77.0661691175
-77.065027641
-77.0563896519
-77.0420156699
-77.0060024191
-77.0405525438
-77.0453984051
-77.0443565206
-77.1899610999
-77.0878586198
-76.9070067459
-76.88161354
-77.0614604362
-77.0829300688
-77.038584197
-77.0340509427
-77.0039675166
-77.0683588189
-77.0359127173
-77.0374390887
-77.0359127173
-77.0374390887
-77.0656147238
-77.0643423839
-77.0572861188
-76.8374365323
-77.0789534648
-77.0783729443
-77.0733811728
-76.9358327072
-77.1505773705
-77.0421399028
-80.7638931826
-80.5456138165
-80.1465866717
-79.9643727799
-79.7927855152
-79.6311944286
-79.479005799
-79.335660452
-79.2006317055
-79.0734234342
-78.9535682471
-78.8406257699
-78.7341810274
-78.539242778
-78.4500330253
-78.3658858839
-78.2864921788
-78.2115602
-78.1408146312
-78.0739955376
-78.0108574111
-77.9511682686
-77.894708799
-77.8412715578
-77.790660205
-77.7426887833
-77.6971810352
-77.6539697553
-77.612896176
-77.5738093837
-77.5365657652
-77.5010284792
-77.4670669539
-77.4345564073
-77.4033773885
-77.3734153389
-77.3445601715
-77.3167058659
-77.2897500794
-77.2381408354
-77.2132977541
-77.1889732478
-77.1650779431
-77.1415240432
-77.118225006
-77.0950952258
-77.0720497186
-77.0490038102
-77.025872825
-77.0025717745
-76.9790150456
-76.9307870851
-76.9059386533
-76.8804794919
-76.8543160584
-76.8273522225
-76.7994889132
-76.7706237546
-76.7406506899
-76.676935856
-76.6074071425
-76.5701467006
-76.5310417558
-76.4899486282
-76.4011860236
-76.3531904135
-76.3025531557
-76.2490881978
-76.1925990978
-76.1328783025
-76.0697063845
-76.0028512363
-75.9320672176
-75.8570942523
-75.7776568733
-75.6934632103
-75.6042039174
-75.5095510363
-75.4091567917
-75.3026523131
-75.1896462796
-75.0697234825
-74.942443299
-74.807338074
-74.6639114011
-74.5116362995
-74.349953277
-74.1782682747
-73.9959504845
-73.8023300308
-73.5966955096
-73.3782913747
-80.7638931826
-80.5456138165
-80.1465866717
-79.9643727799
-79.7927855152
-79.6311944286
-79.479005799
-79.335660452
-79.2006317055
-79.0734234342
-78.9535682471
-78.8406257699
-78.7341810274
-78.539242778
-78.4500330253
-78.3658858839
-78.2864921788
-78.2115602
-78.1408146312
-78.0739955376
-78.0108574111
-77.9511682686
-77.894708799
-77.8412715578
-77.790660205
-77.7426887833
-77.6971810352
-77.6539697553
-77.612896176
-77.5738093837
-77.5365657652
-77.5010284792
-77.4670669539
-77.4345564073
-77.4033773885
-77.3734153389
-77.3445601715
-77.3167058659
-77.2897500794
-77.2381408354
-77.2132977541
-77.1889732478
-77.1650779431
-77.1415240432
-77.118225006
-77.0950952258
-77.0720497186
-77.0490038102
-77.025872825
-77.0025717745
-76.9790150456
-76.9307870851
-76.9059386533
-76.8804794919
-76.8543160584
-76.8273522225
-76.7994889132
-76.7706237546
-76.7406506899
-76.676935856
-76.6074071425
-76.5701467006
-76.5310417558
-76.4899486282
-76.4011860236
-76.3531904135
-76.3025531557
-76.2490881978
-76.1925990978
-76.1328783025
-76.0697063845
-76.0028512363
-75.9320672176
-75.8570942523
-75.7776568733
-75.6934632103
-75.6042039174
-75.5095510363
-75.4091567917
-75.3026523131
-75.1896462796
-75.0697234825
-74.942443299
-74.807338074
-74.6639114011
-74.5116362995
-74.349953277
-74.1782682747
-73.9959504845
-73.8023300308
-73.5966955096
-73.3782913747
-77.0651251375
-77.0641506669
-77.0564007523
-77.083189642
-77.0393834587
-77.0789038033
-77.078293471
-77.0749174639
-76.9371846665
-77.1570577163
-77.0694846922
-77.0151019873
-76.597017629
-77.0408754684
-77.0151019873
-76.597017629
-77.0414465959
-77.0452184735
-77.0328250171
-77.0760023382
-77.0756871095
-77.0215073528
-77.1473628468
-77.0341741795
-77.0635280714
-77.062996368
-77.0635346402
-77.0626297635
-77.0633035721
-77.0632030935
-77.0635280714
-77.062996368
-77.0188286781
-77.0640006732
-77.0574835816
-77.0826986554
-77.0152340014
-76.3744028422
-76.9360453549
-76.9360453549
-77.0643081404
-77.0606366419
-77.0722363128
-77.077978033
-77.0766946754
-77.0741482858
-77.0658785586
-77.2224354937
-77.0910316843
-76.937515358
-76.937515358
-77.0637720268
-77.0638389155
-77.0586079756
-76.8282116107
-77.0730866725
-77.0429261443
-77.2291210352
-77.0868681754
-77.0256135534
-77.0616348168
-76.9738134659
-77.0387546547
-77.0256135534
-77.0616348168
-77.0386491025
-77.0450523047
-77.0391481251
-77.0823721645
-77.0756493178
-77.0775936943
-77.0767946652
-77.0747744501
-77.034083961
-77.0666177429
-77.0643366588
-77.0640625032
-77.076594624
-77.0647640685
-77.0643366588
-77.0640625032
-77.7790102963
-76.643142647
-77.0827531836
-77.0760100877
-77.0741196093
-77.0137063302
-77.2130913207
-77.0958358398
-76.9462992195
-76.9462992195
-77.0635568158
-77.0642662576
-77.0562878918
-77.0437839745
-77.0153858001
-77.0454981879
-77.0480216176
-77.043501236
-77.0730062211
-77.0312783673
-77.1902202243
-77.0848188902
-77.0649789065
-76.9296155852
-77.0709974677
-77.0649789065
-77.064748955
-77.0544574551
-77.0827328211
-77.0768835869
-77.0741870305
-77.0655344975
-77.0679772852
-77.0712785889
-77.0655344975
-77.0679772852
-77.0641596004
-77.064676608
-77.0540612367
-77.0448170569
-77.0459385683
-76.9698279778
-76.9442806428
-77.0573195099
-77.0516071512
-76.9442806428
-77.0573195099
-77.0641710414
-77.0640906312
-77.0545301568
-77.0832156269
-77.0771980701
-77.0703464401
-77.0682529276
-77.068562368
-77.0260829903
-77.0673732418
-77.0570074199
-77.0260829903
-77.0673732418
-77.0570074199
-76.9950152994
-77.0562975913
-77.0418108263
-77.0428126808
-77.041613835
-77.0421398244
-77.0420979571
-77.0769439053
-77.0841565557
-77.0619161647
-77.0769439053
-77.0628792196
-77.0477655738
-77.0645132681
-77.0543992027
-77.0442261536
-76.9610218339
-75.0822762204
-77.1748759171
-77.0573803596
-77.0643498629
-77.0656869023
-77.0689849645
-77.0643498629
-77.0656869023
-77.0635292553
-77.0502848055
-76.8428442484
-77.0774074716
-77.0646478152
-77.067089495
-77.0705765685
-77.0646478152
-77.067089495
-77.0644908644
-77.055577723
-76.9747425325
-76.1824039711
-77.0964200565
-77.0286377521
-77.0679282479
-77.0408159461
-77.0286377521
-77.0679282479
-77.0243732868
-77.0485086673
-77.0433448972
-76.9628927375
-77.068249558
-77.0682611291
-77.0687641528
-77.068249558
-76.7211195835
-77.0830115851
-77.0208671234
-76.9939175596
-77.0649704767
-77.0563185358
-77.0403611208
-77.0107628223
-77.0411941789
-77.0445391007
-77.0392593155
-77.041813362
-77.0469738245
-77.0825413525
-77.0509070987
-77.0627653976
-77.0438386528
-77.0392581668
-77.045428821
-77.0392441124
-77.0830914186
-77.0276525962
-77.0785924864
-77.0779384892
-77.0728783882
-77.0636486351
-77.0627967639
-77.0594425678
-77.0649330604
-77.0574355803
-77.0738996133
-77.0644395965
-77.0545274162
-77.0648642382
-77.057004704
-77.0823709956
-77.0222216771
-77.0429074764
-77.0415382156
-77.1712497691
-77.0651368245
-77.0456166399
-77.0635733763
-77.0782526333
-77.0778696596
-77.0742722408
-77.1313619319
-77.0662497932
-77.055235583
-77.0743201247
-77.0768310131
-76.9643597915
-77.0650465149
-77.047977672
-77.065116853
-77.0559034134
-77.0810697748
-77.0310111442
-77.0954380998
-77.0735303873
-77.0649003837
-77.0475298292
-77.0651051114
-77.0571532773
-77.0800324338
-77.0500741714
-77.0592860589
-77.0649705671
-76.9848501753
-75.3464648277
-77.0756158704
-77.0652982658
-77.0519366279
-76.9863358005
-77.0431225559
-77.04084095
-77.0971391517
-77.0540402898
-77.0422414416
-77.0458846153
-77.0441661112
-77.0422253403
-77.0328126879
-77.0435697053
-77.0358960996
-77.069364669
-77.0280819932
-77.0656756247
-77.055981795
-77.077214064
-77.0692177865
-77.0677762616
-77.0646958983
-77.0639100382
-77.0755721684
-76.6733796384
-77.1159659426
-77.1654258804
-77.0453604529
-77.0529877683
-77.1206658673
-77.0657825862
-77.0659263234
-77.0562300698
-78.579975999
-76.6617865075
-77.1210047912
-76.9921656671
-77.0661363158
-77.0533428585
-77.0673015373
-77.0792934625
-77.0662727884
-77.0668939642
-77.0646015132
-77.0555053411
-77.0537731621
-77.1188690444
-77.0333819186
-76.9858233798
-77.0273756028
-77.0654168941
-77.0526516906
-77.091990482
-77.070675697
-77.0259524768
-78.0844983604
-76.5269456082
-77.0681344661
-77.069442106
-77.0644004785
-77.1157736357
-77.0652807998
-77.0414109051
-77.0551829341
-77.0422947271
-77.1176893639
-77.065452209
-77.0653240424
-77.0551444172
-77.0429558143
-77.0469158786
-77.0438951033
-76.9758815297
-77.0651799319
-77.0649067045
-77.056680502
-77.0789928079
-77.0792858385
-77.0790996421
-77.0734832382
-76.9896169102
-77.1178783198
-77.1306095532
-77.0664382347
-77.066857749
-77.0737620397
-77.0657075895
-77.0698512902
-77.0685396056
-77.044651938
-77.0733272121
-77.0575398057
-77.0589861754
-77.078007461
-77.3536486362
-77.0653655779
-77.0647734294
-77.0570653276
-77.0786000907
-77.0791920446
-77.078378016
-77.0738575529
-77.0581676236
-77.1178767159
-77.0656191621
-77.0649224103
-77.0551607785
-77.0796339537
-77.0655807222
-77.0650913701
-77.052515029
-77.0789130608
-77.0719612852
-76.973993985
-76.8998332306
-76.833028456
-77.1171842079
-77.0652920135
-77.0642604889
-77.0657930851
-77.0657791167
-77.0484567228
-76.8030879195
-77.1182224635
-77.0661033196
-77.0431437047
-76.7899825451
-77.117962618
-76.9960147796
-77.0657970332
-77.0476091969
-77.0427960487
-76.9173267211
-77.3406113329
-77.0661746516
-77.0415720743
-77.0659786179
-77.0440923636
-77.0802639826
-77.1184579244
-77.0661526472
-77.0401945056
-77.0803694956
-77.1179942891
-77.065421895
-77.0446372277
-77.0654515421
-77.045149077
-77.0805147674
-76.708602684
-76.9688380233
-75.3621833509
-76.9965079564
-77.0663697245
-77.0386222649
-76.9773090907
-75.2463277686
-77.065837142
-77.118571025
-77.0665130654
-77.0665408541
-77.0372834739
-77.0664229933
-77.0739363087
-77.0658984546
-77.0694716834
-77.0664553743
-77.0681321857
-77.0641301302
-77.0703793814
-77.0665172884
-77.1157774668
-77.0450080812
-77.0352310951
-77.0698074531
-77.0667775848
-77.0723778041
-77.0657119871
-77.0692150951
-77.0662422653
-77.1168176719
-76.7797899369
-77.3551437399
-77.0660983402
-77.050166504
-77.0660163675
-77.0270756344
-77.0724178703
-76.7498696031
-77.0797989401
-77.069563961
-77.0623593137
-77.1246901697
-77.0457709161
-77.0490305793
-77.0722240862
-78.3117477305
-76.5240346019
-77.0784142856
-77.067265114
-78.5198243237
-76.5483276903
-77.0785503826
-77.114138815
-77.0435858554
-77.0369145284
-77.0456101071
-77.022036064
-77.0722689361
-77.1153615881
-76.7404837663
-77.0799548975
-77.0789496114
-77.0787324767
-77.0675697841
-77.058398786
-77.1156027809
-76.5817357401
-77.0784429887
-77.0644381269
-77.0514678318
-77.0649581154
-77.0342184646
-77.0790932247
-77.0854610017
-77.0854519984
-77.0709664137
-77.0290456895
-77.1113470778
-77.0649193336
-77.048017957
-77.0654973082
-77.0271325144
-77.0782198784
-77.111849718
-77.0650272301
-77.0252404563
-77.0772929751
-77.079701375
-77.0796693024
-77.0675844274
-77.1134621647
-77.0028146845
-77.0645915463
-77.0310695689
-77.0780352081
-77.0643930185
-77.0632267012
-77.0648765575
-77.0648113638
-77.0211746519
-77.0768814308
-77.0795003205
-77.0794956449
-77.0677888616
-77.0646208939
-77.0645196088
-77.0213895482
-77.0767829578
-77.0795461282
-77.0794546359
-77.0694616403
-77.1150381682
-77.0643297527
-77.0344183424
-77.060212736
-77.0511936022
-77.1184944696
-78.2467118713
-76.3386046567
-77.0650599877
-77.064828007
-77.0387900895
-77.0745211451
-78.155212265
-76.3209220901
-77.1151303626
-76.612745571
-77.0670992887
-77.057215612
-77.0644576224
-77.0712701764
-77.0623592299
-77.0700999384
-77.0644469359
-77.064654226
-77.0369734802
-76.9971166131
-77.0768828336
-77.0649185046
-77.0649178551
-77.0332396222
-77.0710127941
-77.0320800672
-77.0647962048
-77.0646347706
-77.0357955634
-77.0705897515
-77.0378394895
-76.7520562223
-77.1329460089
-77.1776665226
-77.0579295747
-77.0577042742
-77.0791628807
-77.0790638867
-77.0612578864
-76.9785478902
-77.1173301078
-77.0635534849
-77.0391085313
-77.0389890676
-77.0466555672
-77.0465631642
-77.0459179936
-77.1163125971
-77.0637801223
-77.0634996599
-77.0392509313
-77.0735805382
-77.0648802465
-77.0635240646
-77.0636200777
-77.0361233675
-77.0737002458
-77.1181049146
-76.9532277032
-77.2217433437
-77.0656386131
-77.0607915785
-77.1178629076
-77.0695638362
-77.0669290525
-77.0717787037
-76.9799416432
-77.0641969635
-77.0404573257
-77.0454520618
-77.047929588
-77.1185000453
-77.0638060717
-77.0634454091
-77.0079821198
-77.0697782033
-77.0178392362
-77.0443584543
-77.0440374825
-77.1197089444
-77.0635040642
-77.0221168268
-77.0424281461
-77.0461367517
-77.0459745547
-77.0454075619
-77.0671950731
-77.0438077901
-77.0450855161
-77.0157948522
-76.7448890199
-77.0690608811
-77.0640510159
-77.0638097867
-77.0670739916
-77.0674194314
-77.0658758355
-77.0696303837
-77.0663302208
-77.2284761785
-76.9636995954
-76.9256164347
-76.9232788202
-77.274244194
-76.7050560882
-77.0564057701
-77.0693910502
-77.0672323884
-76.9587159002
-77.1170424192
-77.064366784
-77.0645068852
-77.0822527257
-76.5616023726
-77.061182998
-76.992269097
-77.7408282291
-76.2376419321
-77.1174954167
-77.0645367092
-77.9597634271
-76.0494608949
-77.1170919364
-76.603444349
-76.7670809793
-77.0778882614
-77.0769300918
-77.0704493085
-76.959708018
-77.1177211949
-77.0644548548
-77.0642796698
-77.0689072684
-77.0751417664
-77.0773210471
-77.0754355054
-77.0729944157
-77.0335069021
-77.1176268681
-77.0646579957
-77.0647208176
-77.0050181333
-77.7441876744
-76.3695501919
-77.118940915
-77.0643838112
-76.9262737991
-77.0660796229
-77.0646409202
-77.0642050845
-77.0621195682
-77.002596705
-77.0304443644
-77.0646366342
-77.0885731129
-77.0130594374
-76.9966634466
-76.6696729901
-77.280460963
-77.0638384183
-77.0638921522
-76.9137360922
-77.1191745575
-77.0640359066
-77.0639700504
-76.9347443905
-75.0677583763
-77.1183238391
-77.0663050417
-77.0711815185
-77.0622435167
-77.0240774092
-77.0095778329
-77.0838124621
-77.0637186361
-77.0721492782
-77.0701192726
-77.0681577433
-77.0848154476
-77.1160280849
-77.0629969503
-77.0420010984
-77.0478320735
-77.0458229641
-77.1120024646
-77.1172847734
-77.0439013041
-77.0273140052
-77.0455523988
-77.0012901141
-77.0760533434
-77.0418198742
-77.0419224308
-77.1172674345
-77.0441224225
-77.0289342076
-77.0459024576
-76.9976703556
-77.0680297616
-77.0686368954
-77.067150463
-77.070965433
-77.0706243172
-77.0640312752
-77.0629350064
-77.0623367347
-77.0717885356
-77.0717073103
-77.0627470683
-77.0617465747
-77.0746521469
-77.042121635
-77.0629556
-77.0621399715
-77.0679550429
-77.0687457286
-77.0668578878
-77.0676341368
-77.0652422932
-77.1729939706
-77.0418807757
-77.0644882525
-77.0439953031
-77.0256293988
-77.0457184712
-77.2823840938
-77.0677323133
-77.0652875545
-77.065635482
-77.0598541562
-77.0684477935
-77.0631918554
-77.1094293887
-79.4644831333
-76.4758070409
-77.0730063142
-77.1102055137
-77.1091944108
-77.0630009016
-77.062169206
-78.1414866272
-76.3450685704
-77.1063622827
-79.553781912
-76.4413181151
-77.0701616752
-78.0278578336
-76.2035296936
-77.2075698557
-77.1020730093
-77.0634621345
-77.0487208574
-77.0207521477
-77.0153052419
-77.0637773282
-77.0632282977
-77.0709682374
-77.0735637903
-77.0663813891
-77.0728125903
-77.2249535884
-77.0999433134
-77.0775547999
-77.0690826115
-77.0704160583
-77.0421262027
-77.0408352198
-77.0408871874
-77.0413420892
-77.223429564
-77.1015535478
-77.0643087571
-77.049744097
-76.8810120129
-76.8640509255
-77.0736134474
-77.072198617
-77.0705826445
-76.9138604605
-77.1063297575
-77.0644124072
-77.0817396852
-77.0734255674
-77.0615834104
-77.8706888099
-77.0527060162
-77.0688923185
-77.106034973
-77.9808993428
-76.3215592559
-77.1072269884
-77.0646012336
-77.0644470254
-77.3149120852
-77.0677141701
-77.0653977417
-77.0738609495
-77.0728084791
-77.0698321311
-77.2488966054
-77.0491943057
-77.0474143604
-77.0442157827
-77.0719403959
-77.0688252461
-77.0657650571
-77.0683792441
-77.0647152135
-77.0641895534
-76.7646328235
-77.0642127112
-77.0636342563
-77.0412550202
-77.0431578505
-77.1065125442
-77.0632917906
-77.0748899277
-77.0701839266
-77.0568154243
-77.0753816369
-77.0752118514
-77.0644895157
-77.1059292077
-77.0464470864
-77.0450218638
-77.0667787085
-77.0628679564
-77.0392374203
-77.0493967157
-77.0735225799
-77.0712210182
-77.0599265819
-77.0454437623
-77.0746681793
-77.0743161534
-77.0687541205
-77.0652343684
-77.1380878169
-77.0527748719
-77.0615676816
-77.0737651256
-77.0719285913
-77.0589690208
-77.0477747038
-77.0748153831
-77.0746623149
-77.0658209672
-77.0429929804
-77.0286374742
-77.0449086816
-77.0747135859
-77.7257983747
-76.1255421855
-77.1643039846
-77.0985815124
-77.0637019107
-77.0710521439
-77.0734120366
-77.0748725374
-77.0747256032
-77.0660463963
-77.1578884722
-77.0915400976
-80.3043925715
-76.4582762456
-77.0723251573
-77.0721467822
-77.0687529844
-74.3728191921
-77.0649336129
-76.8247906765
-77.0723718445
-75.8324896202
-77.0653837109
-77.0633039838
-77.0678699661
-77.7133558785
-75.7847128849
-77.0849995439
-77.0713493981
-77.0696917187
-77.0549654934
-77.0618406558
-77.1515184892
-77.1002687393
-77.0651376678
-77.0510673645
-77.0629865967
-77.0689438418
-77.0738463047
-77.0737358036
-77.0623885102
-77.177610972
-77.1044020876
-76.4794077389
-77.0679400032
-77.0719977909
-77.0688794753
-77.0634421268
-77.0634210088
-77.0728574457
-77.0879609723
-77.0722003338
-77.1637669204
-77.0635374884
-77.0629664879
-77.0720589005
-77.0634932706
-77.0698569943
-77.0706783996
-77.0680290834
-77.0674145573
-77.065263946
-77.0428301156
-77.0654581925
-77.0516387446
-77.0731441032
-77.072865233
-77.0665853866
-77.103266225
-77.0476039381
-77.0517861367
-77.0623486198
-77.0681049356
-77.0573959009
-77.0731987915
-77.0730198873
-77.0655971848
-77.1026996349
-77.0481317124
-77.0512935735
-77.0621907266
-77.0693152554
-77.0569913054
-77.0685992497
-77.0135695289
-77.0650418054
-77.0698384391
-77.0716236791
-77.0681113852
-77.0426989323
-77.065274786
-77.0531148064
-77.0651240062
-77.0690711066
-77.066565304
-77.0618666856
-77.0725384446
-77.0655874496
-77.0604749446
-77.0732344112
-77.0729585364
-77.0657334133
-77.0671199154
-77.0643140414
-77.1166448699
-77.0663611832
-77.1060528061
-77.1543467599
-77.0954678093
-77.0662982168
-77.0284415391
-77.0661341607
-77.0607064215
-76.4825873854
-76.442339609
-77.0577993654
-77.0573710056
-77.0706048875
-77.0705599804
-77.0702787787
-77.0642510876
-77.0662635149
-76.9621373116
-77.0716405971
-77.0714553089
-77.0687415084
-77.0641997119
-77.0462160888
-77.0426999634
-77.0705359665
-77.0671509279
-77.0674441108
-77.0634924604
-77.070647411
-76.963888023
-77.0722207884
-77.071898228
-77.0650498027
-77.1619492988
-77.0982224845
-77.0729381705
-77.0580421194
-77.0703530796
-77.0669005896
-77.0636115348
-77.0622564467
-77.0709662112
-77.0659429753
-77.0539785745
-77.0701647102
-77.0666241659
-77.0651824998
-77.0622960991
-77.0709799538
-77.0319632702
-77.0459631972
-77.042618857
-77.886011055
-77.0657113521
-77.055634748
-77.0708879798
-77.0588873876
-77.1800644694
-77.0994182835
-77.0507864654
-77.0688749686
-77.0691621622
-77.0684244576
-77.0621801906
-77.1190113764
-77.0513300603
-77.0637054211
-77.0723926569
-77.0713560613
-77.0647019165
-77.0707551413
-77.0650661557
-77.0508696273
-77.048147295
-77.0462078863
-77.0430418965
-77.6885886354
-77.0669294614
-76.8334803552
-77.0716581956
-77.2951777868
-77.0635560391
-77.0573090231
-77.0741758052
-77.0052034458
-77.1008803879
-77.0458461598
-77.0388736998
-77.0477627492
-77.0605294959
-77.067028103
-77.0654268151
-77.0588975336
-77.059935048
-77.1090248742
-77.0632344115
-76.4133637664
-77.0703268268
-77.0731076331
-77.0740741492
-77.0671217651
-77.066117083
-77.0730196815
-77.098681413
-78.0448617885
-75.7763409977
-77.0992112999
-77.0672184033
-77.1097468182
-77.0998766533
-77.0674219772
-77.0627815191
-76.9365870338
-76.87270248
-76.895661888
-77.0537885115
-77.0340382397
-77.0742839214
-77.0705349038
-77.0626311734
-77.0661199455
-77.0258675763
-77.0451169214
-77.0440306811
-77.8146306239
-77.0672249632
-76.9479845005
-77.043321904
-77.0420229101
-77.1026654221
-77.0632048401
-77.0679119679
-77.0726031563
-76.9303264864
-77.0563399267
-77.0541493225
-77.0357355871
-76.5617961152
-77.0719385329
-77.0676703845
-77.0594126619
-77.0634111613
-76.9967743602
-76.9261229257
-77.0708790995
-77.0622031398
-77.1050516134
-77.0685185107
-77.0707063695
-74.8645309242
-77.0680082214
-77.0701084365
-77.0607524209
-77.0708499354
-77.0704970634
-77.0676086201
-77.0644275867
-77.0531891059
-77.0339380095
-77.0676653968
-77.0708587023
-77.0707883379
-77.0671628874
-77.0678766872
-77.114570311
-77.0379641761
-77.052130089
-77.0366140258
-76.8516772335
-76.7998891266
-77.0508048252
-77.0628392976
-79.7194153756
-77.1627310691
-77.0689889707
-77.0629439467
-77.0731391739
