38.4700899397
38.8079392811
38.6525116437
38.4700899397
38.8079392811
38.6525116437
38.8053118005
38.8012496566
38.8637882481
38.7817603224
38.8944509603
38.7749119335
38.7840963455
38.783483339
38.7971207084
38.8119563688
38.4624952847
38.4673200396
38.8040829976
38.8180170252
38.7745658328
38.4354579859
38.4342207299
38.8038881593
38.4587661923
38.7466606916
38.4587661923
38.7466606916
38.8059672693
38.8013872047
38.8618060362
38.4458823277
38.80941415
38.8054940514
38.8107483913
38.7500026565
38.8153756834
38.7852844493
38.3345456918
38.3421182945
38.3559554446
38.3622708328
38.3682155176
38.3738113411
38.3790788637
38.3840374393
38.3887052868
38.3930995569
38.3972363952
38.4011310012
38.4047976847
38.4115003848
38.4145610286
38.4174430946
38.4201571723
38.4227132337
38.4251206704
38.4273883278
38.4295245378
38.4315371493
38.4334335571
38.4352207289
38.4369052313
38.4384932535
38.4399906301
38.441402863
38.442735141
38.4439923591
38.4451791366
38.4462998341
38.4473585691
38.4483592318
38.4493054988
38.4502008468
38.4510485656
38.4518517699
38.4526134109
38.454023054
38.4546762354
38.4552982313
38.4558913268
38.4564577011
38.4569994353
38.4575185198
38.4580168618
38.4584962923
38.4589585729
38.4594054021
38.4598384216
38.4606693507
38.4610703134
38.4614635836
38.4618506064
38.4622328037
38.4626115799
38.4629883266
38.463364428
38.4641202255
38.4648900904
38.4652838246
38.4656853477
38.4660961351
38.4669515794
38.4673993794
38.4678627414
38.4683433678
38.4688430246
38.4693635476
38.4699068494
38.4704749261
38.471069865
38.471693852
38.4723491798
38.4730382562
38.473763613
38.4745279154
38.4753339715
38.4761847431
38.4770833559
38.4780331117
38.4790375002
38.4801002116
38.4812251506
38.4824164505
38.4836784883
38.4850159011
38.4864336028
38.4879368024
38.4895310229
38.4912221219
38.3345456918
38.3421182945
38.3559554446
38.3622708328
38.3682155176
38.3738113411
38.3790788637
38.3840374393
38.3887052868
38.3930995569
38.3972363952
38.4011310012
38.4047976847
38.4115003848
38.4145610286
38.4174430946
38.4201571723
38.4227132337
38.4251206704
38.4273883278
38.4295245378
38.4315371493
38.4334335571
38.4352207289
38.4369052313
38.4384932535
38.4399906301
38.441402863
38.442735141
38.4439923591
38.4451791366
38.4462998341
38.4473585691
38.4483592318
38.4493054988
38.4502008468
38.4510485656
38.4518517699
38.4526134109
38.454023054
38.4546762354
38.4552982313
38.4558913268
38.4564577011
38.4569994353
38.4575185198
38.4580168618
38.4584962923
38.4589585729
38.4594054021
38.4598384216
38.4606693507
38.4610703134
38.4614635836
38.4618506064
38.4622328037
38.4626115799
38.4629883266
38.463364428
38.4641202255
38.4648900904
38.4652838246
38.4656853477
38.4660961351
38.4669515794
38.4673993794
38.4678627414
38.4683433678
38.4688430246
38.4693635476
38.4699068494
38.4704749261
38.471069865
38.471693852
38.4723491798
38.4730382562
38.473763613
38.4745279154
38.4753339715
38.4761847431
38.4770833559
38.4780331117
38.4790375002
38.4801002116
38.4812251506
38.4824164505
38.4836784883
38.4850159011
38.4864336028
38.4879368024
38.4895310229
38.4912221219
38.8064853629
38.8038911196
38.8623871504
38.818055773
38.7751050718
38.8091540915
38.8044928124
38.8102609758
38.7463982316
38.8137959998
38.79819674
38.416971356
38.4414668829
38.7512328931
38.416971356
38.4414668829
38.8287538536
38.7764275297
38.9899477401
38.8112643181
38.803433655
38.7812314233
38.8175393159
38.775427522
38.8083199873
38.8417403184
38.8414009633
38.8049309669
38.8100614572
38.8421973887
38.8083199873
38.8417403184
38.4470110544
38.8067425552
38.8582248614
38.8178508929
38.7568012231
38.5710528602
38.4606139716
38.4606139716
38.8047019885
38.7837185349
38.7957857734
38.8085745777
38.8064950104
38.8086332015
38.8037990658
38.7865011268
38.8101005497
38.4582494203
38.4582494203
38.8062556888
38.8104922503
38.853489266
38.446497244
38.8022259402
38.78935301
38.7848623987
38.8058681783
38.8949805096
38.7896096249
38.4536552522
38.4603093164
38.8949805096
38.7896096249
38.7514442684
38.7916971414
38.8711411854
38.8176049933
38.8063999231
38.8091281252
38.8093638205
38.8029595062
38.786322228
38.7943317467
38.8406149527
38.7950376045
38.8590241127
38.7960173794
38.8406149527
38.7950376045
38.4237290531
38.480314619
38.8179807256
38.8051438585
38.8015411716
38.7750905967
38.788324566
38.8105996006
38.4604749703
38.4604749703
38.80438372
38.8120682071
38.8595677236
38.8073192202
38.8739472085
38.7829049887
38.8284077402
38.7606217857
38.8004396044
38.7813833842
38.7965080515
38.8031666535
38.8402321641
38.4559716009
38.8029891473
38.8402321641
38.8114906558
38.863698991
38.8183667791
38.805005031
38.4578211118
38.8397123081
38.7965577901
38.8012527512
38.8397123081
38.7965577901
38.8046796145
38.8104849318
38.8670744648
38.8020614517
38.7820011296
38.4485793855
38.457484371
38.7764122578
38.4515722187
38.457484371
38.7764122578
38.806111938
38.8086099998
38.8672617697
38.8179210379
38.8047837307
38.8096215149
38.7933420547
38.8041108119
38.8882516229
38.8037145998
38.7788258972
38.8882516229
38.8037145998
38.7788258972
38.4595746941
38.8354631618
38.7697812128
38.7926673641
38.8104455191
38.759769846
38.7699185412
38.862203851
38.8734561116
38.7795287489
38.862203851
38.8017036945
38.7455449776
38.8114371595
38.8662870721
38.8043367409
38.4161994709
38.3823457036
38.8031668997
38.7905221637
38.8400692715
38.7992475869
38.7942684152
38.8400692715
38.7992475869
38.8010759061
38.746725402
38.456649011
38.8044966768
38.8399912495
38.8035463263
38.7988051293
38.8399912495
38.8035463263
38.8125337772
38.8610561397
38.4710992443
38.5737985831
38.8120370656
38.8792965697
38.8050555577
38.7570322682
38.8792965697
38.8050555577
38.689073997
38.8266166523
38.7590783304
38.7986928747
38.8074164993
38.8067944911
38.8080034291
38.8074164993
38.4367507108
38.8185165985
38.7632599101
38.457982414
38.8117150649
38.861195382
38.8033763687
38.8825346114
38.7807010065
38.8260336476
38.7579435604
38.832194306
38.7766648104
38.8180345757
38.7900778308
38.769033656
38.8347220704
38.7244895816
38.7962230413
38.8698257674
38.8183565208
38.7714214436
38.8065029642
38.8049390898
38.8059635812
38.8004606335
38.8007936263
38.7873254016
38.8138807939
38.8579216958
38.8107529232
38.8066913296
38.7663984988
38.8124360836
38.8603979508
38.8182316699
38.7676061745
38.7639112897
38.7621054422
38.807436762
38.8088771146
38.7321687175
38.784309773
38.8064358184
38.8021249517
38.8070702162
38.4194559097
38.9297688992
38.7912877428
38.8109734971
38.8014362858
38.74394109
38.8091175955
38.7434902513
38.8140196518
38.8659791358
38.8181704041
38.7774938089
38.8107594919
38.7970615038
38.8101274538
38.7471037245
38.8163779341
38.8629342627
38.8178056077
38.7942099751
38.8095657938
38.8129349788
38.4571166322
38.4254196499
38.7985155531
38.8100865339
38.7604768741
38.439564514
38.7662562963
38.7558355319
38.8104450732
38.8787467862
38.7886578946
38.8032199829
38.8216156574
38.8348478052
38.7084903545
38.8024798722
38.8908333892
38.7953633718
38.77150607
38.8134894417
38.7765598066
38.7967179841
38.8066213366
38.7963323005
38.8087568342
38.7943653387
38.8313286252
38.4596328223
38.8206900879
38.4245749516
38.8038545065
38.822223456
38.8225603332
38.8128598956
38.8209886743
38.8744153532
38.2745019799
38.4468794897
38.8220226541
38.4471665927
38.8212055092
38.8828292626
38.8125168781
38.77281046
38.8122335708
38.7941030449
38.809227868
38.7862919171
38.785256351
38.8215735808
38.763710735
38.729183606
38.6783385017
38.8239568152
38.8824476079
38.8917275406
38.8153466754
38.4501455032
38.5132064226
38.4598272092
38.8134886007
38.7990701337
38.7967933142
38.8205291579
38.8138760513
38.9148851671
38.8302554991
38.7847411645
38.8210344794
38.8145165735
38.8205649519
38.8798148439
38.8195476669
38.7974268183
38.7753010361
38.4482903331
38.8152748238
38.8201975881
38.8751222222
38.8181163656
38.8069074134
38.8032891522
38.8079279547
38.7672720552
38.8212172774
38.4496697186
38.810966234
38.811482883
38.7811800696
38.8103806212
38.8154438152
38.7913961767
38.8062192503
38.7677831269
38.869981303
38.8083032894
38.8167683026
38.4563613089
38.8150704256
38.8180435319
38.8742624155
38.8174641982
38.8066974006
38.8043324596
38.8069374617
38.7984696281
38.8205430673
38.8143863845
38.81687867
38.8784896791
38.8182610782
38.8144840877
38.818353305
38.8852540298
38.8187031878
38.7890340338
38.4592225617
38.4391525765
38.4446551861
38.8199417084
38.8145593905
38.8103217463
38.8122581672
38.8184232607
38.8916153368
38.4083159922
38.8203756133
38.8135760768
38.7361080015
38.4826837545
38.820235135
38.4475985021
38.8169525325
38.898416479
38.7947850134
38.4505613589
38.4558653997
38.8129340552
38.7346188447
38.8178123292
38.9072125685
38.8199664773
38.8201790591
38.8190826365
38.9142259279
38.8201455349
38.8203119073
38.8128217289
38.7492317266
38.8185636575
38.9018597514
38.8201598047
38.4774698977
38.446083491
38.446196469
38.4471465129
38.8193965927
38.9156113405
38.4574222183
38.4299491633
38.8123274122
38.8202414724
38.8119881669
38.8192120914
38.9180041484
38.8133279793
38.7844526996
38.8051989122
38.7934654789
38.8117159941
38.7920745304
38.8006797737
38.7840051928
38.811941975
38.8193858464
38.8337169972
38.6972435976
38.7904936116
38.8034508245
38.7873870634
38.804145543
38.7941948098
38.8119219596
38.8190595933
38.4459644526
38.4555404448
38.8113291248
38.7508840388
38.8205640283
38.9353028642
38.8145120877
38.4580229018
38.8076628673
38.7906367706
38.8058801433
38.4570281457
38.7787076408
38.8694991035
38.8335477344
38.5302727118
38.4577669408
38.8193390794
38.7982482553
38.5414578318
38.4583975938
38.8193189144
38.8192853448
38.8321622956
38.72956834
38.8118190934
38.9466387314
38.8141701091
38.8196724843
38.4569002383
38.8065147256
38.8065006616
38.8055971739
38.8063260351
38.8021680289
38.8195282518
38.5074422294
38.8191898568
38.809751304
38.7621444407
38.8234487854
38.9150899869
38.8197475581
38.8113693647
38.8101109079
38.8116800728
38.7951596192
38.4558899696
38.8092979146
38.7480387968
38.8224140185
38.9329995773
38.8193612913
38.4559387198
38.822420476
38.9339839558
38.819068021
38.8047431857
38.8067608214
38.8097169769
38.8197139378
38.4465305363
38.8222632843
38.9222976803
38.8193698192
38.8098049217
38.7969572811
38.811212842
38.8226763582
38.9452688543
38.8192112369
38.8068955312
38.8047903499
38.8097441059
38.8122822232
38.8231722171
38.9457938074
38.819297571
38.8065840292
38.8040466877
38.8089234931
38.8192536696
38.8230807584
38.9156972098
38.827004907
38.892609836
38.433854933
38.3085535453
38.4514179285
38.8122193973
38.8226289287
38.9032568331
38.8180559102
38.3200280401
38.4509675049
38.8188298896
38.4598890602
38.8124840963
38.8221175304
38.8115578766
38.783855877
38.8057879219
38.7841413181
38.8108580706
38.8236050935
38.9061999686
38.4579787107
38.79375026
38.8102870557
38.8243494779
38.9104824287
38.8168261534
38.4106997545
38.810178202
38.8251156755
38.9026544185
38.8165990654
38.4509476584
38.4568171794
38.8235564265
38.4578007562
38.813140117
38.8109837048
38.8060085756
38.8049971696
38.807204963
38.7789821682
38.8195549626
38.824697851
38.8964243316
38.8225462733
38.7991141662
38.8248087986
38.7756531133
38.8196141503
38.8124566954
38.8227141979
38.8983885431
38.8170963857
38.7956917082
38.8110616925
38.8227074695
38.905429174
38.8172712631
38.8198530148
38.4558647152
38.4305496746
38.7835718147
38.8142962786
38.8198135048
38.8073719452
38.813825155
38.81622247
38.7541672875
38.8111102939
38.6990443423
38.7839576327
38.7986197919
38.8203031111
38.8119154985
38.8207233569
38.973711835
38.8150647756
38.7797890699
38.8010874253
38.7895608502
38.8202723983
38.8211126774
38.9412864172
38.8142307338
38.7984355232
38.8271110951
38.7772482481
38.7967393805
38.8287503342
38.8085620512
38.9685006859
38.4432577167
38.7929554848
38.8117770901
38.8217721313
38.8133031281
38.7954344782
38.8130726238
38.7944311705
38.8135543142
38.448578748
38.4466792259
38.4561547673
38.4496843993
38.4572980774
38.4589406352
38.4557928704
38.808452806
38.8135635128
38.4573151639
38.8205644688
38.8103806873
38.8217370912
38.8516729019
38.4866154875
38.8114171916
38.770271349
38.3676924127
38.4545524664
38.8207632979
38.8216118266
38.3608255385
38.451694298
38.8210723773
38.4843335947
38.4436180361
38.8080093804
38.8051307384
38.8092081222
38.7648324945
38.8206155882
38.8109038929
38.8230178417
38.8152635498
38.8060639812
38.8090210444
38.8095590413
38.8033676622
38.7889764174
38.8200148614
38.81030747
38.8230006608
38.4459172006
38.3664260486
38.4529968435
38.8200057611
38.8092721136
38.4556018221
38.7983959618
38.8102443594
38.8237649426
38.811718614
38.7755622004
38.6557381402
38.8227641425
38.4539572995
38.4457424202
38.4519721893
38.461038007
38.4575689446
38.8104753688
38.8236538997
38.4452769584
38.820171052
38.8105436589
38.8226726386
38.4754790449
38.7225221745
38.8205864903
38.8102786326
38.8222456852
38.7910947304
38.3964188432
38.3966712951
38.8593741985
38.8214612406
38.8155949071
38.8117782811
38.8006218449
38.8620857722
38.8209988328
38.822749302
38.8174318212
38.7975344174
38.769831599
38.8203409946
38.8210042537
38.8290647797
38.6435642622
38.8130931602
39.0234687597
38.8179151966
38.7739143918
38.7879934696
38.8215097395
38.8290983538
38.638082511
38.813401174
39.0318943736
38.8143409571
38.8190354163
38.7968395423
38.7962192253
38.8178499824
38.8123558248
38.8239864794
38.8251812435
38.8171004224
38.8026704744
38.813654644
38.8250352221
38.8177683384
38.7722619783
38.8140227128
38.8235824605
38.8143719267
38.8194590951
38.7971422173
38.79990281
38.8142403836
38.4511452034
38.7881899281
38.8046906099
38.8279658936
38.6197728777
38.8148319425
38.4527698545
38.7989402764
38.8143217347
38.7964283444
38.8083730356
38.7866915431
38.8116136295
38.8187156851
38.5945956102
38.4589002026
38.8173068122
38.818855024
38.8189466822
38.8111330632
38.8262128075
38.2347033907
38.520072439
38.8184003735
38.6016456823
38.4584782747
38.8165659092
38.3309601809
38.4561896827
38.778977702
38.8172916525
38.8091474008
38.8751082129
38.7535551495
38.4573782536
38.8076846676
38.8263431984
38.817125985
38.8067414803
38.7935743936
38.8032145461
38.774389811
38.8156788259
38.8021826947
38.8170276355
38.8175140875
38.8015844636
38.7816180483
38.7661888287
38.7807190024
38.7743592785
38.8162729423
38.8048687963
38.8760139797
38.4573695372
38.4629625414
38.8106883886
38.8113942783
38.8037315118
38.7460102609
38.8179472368
38.8048796802
38.7925691601
38.8084332433
38.7894494229
38.3197741352
38.823867367
38.8167772885
38.4340138191
38.3355605799
38.4559241817
38.818402337
38.8034869679
38.8273607175
38.4168626125
38.7991442423
38.8136940804
38.8104084994
38.8047085371
38.812774451
38.4488564975
38.8013644873
38.7607141374
38.8382997488
38.8155312402
38.7937296774
38.7952312137
38.796093544
38.8058990092
38.8268902917
38.4465482259
38.8071431488
38.8265348192
38.8201666633
38.7897484059
38.8190075105
38.8267574589
38.8193031237
38.8131042366
38.7794623712
38.8077370097
38.8060070457
38.8121046323
38.8192027166
38.7588717691
38.837940642
38.818028542
38.7866065952
38.4513377895
38.825328014
38.8193203136
38.8119982579
38.7835509945
38.7681657424
38.809177773
38.8047006294
38.8127554214
38.8043179488
38.4454272393
38.8457245111
38.8164133687
38.8194564096
38.8120683546
38.7819965737
38.7697990667
38.8086144477
38.80657617
38.8137963071
38.8282415636
38.5994633987
38.818495698
38.8200587542
38.3665831834
38.4597057433
38.7935808003
38.8180671813
38.8282242361
38.8181659791
38.805186774
38.8087492043
38.8065821126
38.8137693964
38.7979890538
38.8159591441
38.6494720971
38.4585850186
38.8186012184
38.8153529856
38.791651796
38.0347834678
38.8064357711
38.4573313744
38.8018232029
38.4331727119
38.8062183865
38.8294241969
38.8163481854
38.3387580823
38.4262182926
38.8000078477
38.817481159
38.8167487386
38.7782863085
38.8136908329
38.8023151149
38.8193089541
38.8046363817
38.7313289064
38.8295603189
38.8167977691
38.8084941412
38.8074770844
38.8135814338
38.7831178166
38.8201093207
38.459767904
38.8160472631
38.8164192236
38.7947274901
38.8018582774
38.8133597692
38.8306635611
38.7973227602
38.8174212534
38.4719233177
38.8136246688
38.8013489709
38.8283749294
38.8293329653
38.8167330039
38.8206924861
38.7922194541
38.7996339576
38.8133000913
38.8278806764
38.8148517992
38.7783274514
38.8096073747
38.8056070912
38.8134997359
38.8192794865
38.787338985
38.8459734297
38.8151379108
38.8162291759
38.7832344303
38.8095435604
38.8065785577
38.8144794445
38.8194635746
38.7890370723
38.8466031586
38.8152269513
38.8169911823
38.7832077266
38.7967611794
38.4433386606
38.82750423
38.8173660139
38.8156158213
38.7933592862
38.4519052846
38.8023051732
38.7514807577
38.8270671298
38.8174064772
38.7990788903
38.7569386234
38.8196874677
38.7843336472
38.7877472838
38.809795365
38.8067909165
38.8147591007
38.816929534
38.8156170896
38.8164365096
38.8270690049
38.8189752897
38.8059465663
38.8161473796
38.8277701357
38.8129630782
38.8284905534
38.8135835526
38.4502852792
38.5235655789
38.812157657
38.7860905246
38.8043189698
38.8130075586
38.813252938
38.8052674424
38.8282699647
38.4447543274
38.8114842355
38.8047533851
38.813903659
38.8054015938
38.7642864462
38.8396065499
38.8149861953
38.7955710352
38.8134827841
38.7986889838
38.8222264279
38.4564484418
38.8098490022
38.8065169803
38.8145078696
38.7980151618
38.8182411642
38.8188498839
38.8129618867
38.8155471894
38.7964217254
38.8139864293
38.8009839827
38.8254826411
38.8282540424
38.8107631675
38.8156119458
38.7958012826
38.8143896216
38.799457978
38.8255620513
38.6787158925
38.7644286169
38.8408857961
38.4711275499
38.8290085292
38.8117597172
38.8000628625
38.8167453319
38.7870722684
38.8206756031
38.829154852
38.8200578126
38.7983674447
38.7952412931
38.8160182867
38.4576092073
38.8497870765
38.8165309365
38.8187659844
38.8189967992
38.7887409118
38.8155107374
38.7920671656
38.8503910887
38.8065103765
38.7654970544
38.8399940642
38.4659267968
38.8276577292
38.4419210446
38.801136176
38.4556744492
38.8163733251
38.8122910763
38.8036288994
38.806167674
38.8222407927
38.8360267694
38.753620026
38.817409745
38.8133325438
38.7966842584
38.801666658
38.8244695191
38.8121701494
38.8227432868
38.8107152235
38.496132008
38.8192560247
38.8019845673
38.8066544207
38.826024415
38.8154908397
38.801735342
38.8221943197
38.3056500515
38.4234764368
38.82214322
38.8265466866
38.8225405876
38.8216753774
38.8271887032
38.8147776368
38.739540465
38.4634727493
38.4500514015
38.8281174493
38.7812836266
38.8043169847
38.7932580531
38.8168267473
38.8034513366
38.668757379
38.7655703578
38.8430286901
38.4288474741
38.825009854
38.4377014828
38.7860268191
38.8002877669
38.8216608805
38.8447212075
38.8243422509
38.8188460884
38.45510432
38.8815630304
38.8285055429
38.7841292461
38.488651017
38.8189679618
38.7991915911
38.8180656216
38.8126452298
38.4437469722
38.4560249352
38.804074671
38.8178161785
38.8229857425
38.8244917939
38.8182660077
38.5065133998
38.8251891921
38.8187866756
38.7941035826
38.8138879618
38.807472862
38.8164126067
38.8465358155
38.8275681398
38.7828877176
38.8005911288
38.8139995541
38.8080726374
38.8171626581
38.8253287751
38.4688221
38.4603755348
38.8254980616
38.7885429132
38.4584274035
38.4250401468
38.846619395
38.8168425139
38.8161388619
38.4731063837
38.8154797519
38.8006470157
38.8345039313
