-77.1269154031
-77.1225674629
-77.1184764249
-77.1146272578
-77.1110058189
-77.1075988024
-77.1043936899
-77.1013787053
-77.0985427709
-77.0958754667
-77.0933669926
-77.0910081318
-77.0887902175
-77.0867051004
-77.0847451194
-77.0829030731
-77.0811721934
-77.0795461208
-77.0780188805
-77.0765848614
-77.0752387943
-77.0739757336
-77.0727910385
-77.0716803563
-77.0706396059
-77.0696649635
-77.068752848
-77.0678999081
-77.0671030099
-77.0663592254
-77.0656658219
-77.0650202515
-77.0644201424
-77.0638632895
-77.0633476469
-77.06287132
-77.0624325587
-77.0620297509
-77.0616614165
-77.0613262023
-77.0610228765
-77.0607503248
-77.0605075456
-77.0602936469
-77.0601078429
-77.0599494508
-77.0598178888
-77.0597126733
-77.0596334178
-77.0595798312
-77.0595517164
-77.0595489703
-77.0595715828
-77.0596196368
-77.0596933091
-77.0597928702
-77.0599186859
-77.0600712186
-77.0602510288
-77.0604587769
-77.0606952264
-77.0609612461
-77.0612578133
-77.0615860177
-77.0619470652
-77.0623422823
-77.0627731213
-77.063241165
-77.0637481331
-77.0642958885
-77.0648864435
-77.0655219682
-77.0662047975
-77.0669374403
-77.0677225885
-77.0685631269
-77.0694621438
-77.0704229424
-77.071449053
-77.0725442455
-77.0737125441
-77.0749582413
-77.076285914
-77.0777004405
-77.079207018
-77.080811182
-77.0825188266
-77.0843362259
-77.0862700576
-77.088327427
-77.0905158933
-77.0928434973
-77.0953187913
-77.09795087
-77.1007494042
-77.1037246763
-77.1068876182
-77.1102498512
-77.1138237288
-77.1176223824
