38.7556511412
38.7583195383
38.7608321029
38.7631980668
38.765426123
38.7675244579
38.7695007811
38.7713623543
38.7731160172
38.774768213
38.7763250125
38.7777921355
38.7791749727
38.7804786048
38.7817078217
38.7828671398
38.7839608188
38.7849928769
38.7859671062
38.7868870863
38.7877561974
38.7885776327
38.7893544104
38.7900893846
38.7907852556
38.7914445804
38.7920697813
38.7926631556
38.7932268834
38.7937630359
38.7942735831
38.7947604009
38.7952252779
38.7956699223
38.7960959676
38.7965049794
38.7968984604
38.7972778563
38.7976445611
38.7979999222
38.7983452453
38.7986817991
38.7990108202
38.7993335175
38.7996510767
38.7999646646
38.8002754333
38.8005845247
38.8008930744
38.8012022162
38.8015130858
38.8018268255
38.8021445881
38.802467541
38.8027968709
38.8031337878
38.8034795295
38.8038353665
38.8042026062
38.8045825978
38.8049767376
38.8053864737
38.8058133115
38.8062588194
38.8067246342
38.8072124675
38.8077241117
38.8082614466
38.8088264465
38.8094211874
38.8100478545
38.8107087503
38.8114063031
38.8121430758
38.8129217755
38.8137452633
38.8146165649
38.8155388816
38.8165156022
38.8175503155
38.8186468231
38.819809154
38.8210415786
38.8223486254
38.8237350965
38.8252060863
38.8267669994
38.828423571
38.8301818877
38.83204841
38.8340299958
38.8361339259
38.8383679307
38.8407402183
38.8432595051
38.8459350475
38.848776676
38.8517948313
38.8550006029
38.8584057694
