-77.0940546039
-77.0928412715
-77.091696722
-77.0906167502
-77.089597388
-77.0886348901
-77.08772572
-77.0868665372
-77.0860541849
-77.0852856784
-77.0845581939
-77.0838690586
-77.0832157404
-77.0825958389
-77.0820070765
-77.0814472898
-77.0809144221
-77.0804065156
-77.079921704
-77.0794582061
-77.0790143188
-77.0785884113
-77.0781789187
-77.0777843364
-77.0774032145
-77.0770341529
-77.0766757954
-77.0763268255
-77.0759859608
-77.075651949
-77.0753235629
-77.0749995958
-77.0746788576
-77.0743601696
-77.074042361
-77.0737242641
-77.0734047101
-77.0730825249
-77.0727565247
-77.0724255117
-77.0720882698
-77.0717435598
-77.0713901152
-77.0710266373
-77.0706517906
-77.070264198
-77.0698624352
-77.0694450261
-77.0690104371
-77.0685570714
-77.0680832632
-77.0675872716
-77.0670672743
-77.0665213607
-77.0659475249
-77.0653436586
-77.0647075431
-77.0640368411
-77.0633290882
-77.0625816842
-77.0617918828
-77.0609567821
-77.0600733138
-77.0591382318
-77.0581481005
-77.0570992819
-77.0559879223
-77.0548099385
-77.0535610022
-77.0522365246
-77.0508316393
-77.0493411843
-77.0477596835
-77.046081326
-77.0442999453
-77.0424089961
-77.0404015306
-77.0382701731
-77.0360070924
-77.0336039734
-77.0310519866
-77.0283417555
-77.025463322
-77.0224061101
-77.019158887
-77.0157097217
-77.0120459411
-77.0081540839
-77.0040198503
-76.9996280504
-76.9949625476
-76.9900062
-76.9847407968
-76.9791469918
-76.9732042321
-76.9668906826
-76.9601831462
-76.9530569777
-76.945485994
-76.9374423778
