38.6768278168
38.684822376
38.6923470645
38.6994295295
38.7060957936
38.7123703501
38.7182762531
38.7238352021
38.729067622
38.7339927378
38.7386286454
38.7429923783
38.7470999697
38.7509665117
38.7546062111
38.7580324407
38.7612577893
38.7642941075
38.7671525515
38.7698436238
38.7723772119
38.7747626249
38.7770086272
38.7791234712
38.7811149273
38.7829903125
38.7847565173
38.7864200313
38.7879869665
38.7894630802
38.790853796
38.7921642236
38.7933991778
38.7945631962
38.7956605556
38.7966952879
38.797671195
38.7985918626
38.7994606734
38.8002808195
38.8010553145
38.8017870039
38.8024785762
38.8031325723
38.8037513952
38.8043373185
38.8048924951
38.8054189648
38.805918662
38.8063934226
38.8068449911
38.8072750266
38.8076851091
38.8080767454
38.8084513745
38.8088103727
38.8091550592
38.8094867004
38.8098065148
38.8101156775
38.8104153245
38.8107065566
38.8109904439
38.8112680296
38.8115403335
38.8118083561
38.8120730822
38.8123354844
38.8125965269
38.8128571689
38.8131183678
38.8133810836
38.8136462814
38.8139149356
38.8141880333
38.814466578
38.8147515931
38.8150441258
38.8153452509
38.8156560748
38.8159777395
38.816311427
38.8166583633
38.817019823
38.8173971343
38.8177916834
38.8182049202
38.8186383627
38.8190936038
38.8195723159
38.820076258
38.8206072816
38.821167338
38.8217584848
38.822382894
38.8230428599
38.8237408073
38.8244793006
38.8252610533
38.8260889376
